Input Data :
   Jumlah Mesin 	 = 15
   Jarak Baris  	 = 2
   Lebar Ruang  	 = 60

Input Parameter :
   Pop Size            	 = 50
   Max Generasi 	 = 3
   Pc                  	 = 0.75
   Pm                  	 = 0.01
   r                   	 = 2
   p                   	 = 2
   T0                  	 = 1000
   Ta                  	 = 0
   Alpha               	 = 0.5

Berikut daftar kromosom awal
 
kr1	12  1  15  13  5  11  3  7  2  8  9  10  6  4  14  12  24.084818  2.1281283  0.2034909  0.03568991  0.042599376  8.7974075E-4  0.0033042743  6.539164E-4  1.9865247E-4  6.522056E-5  2.1168062E-5  8.062801E-5  4.6933415E-5  23.037567  3.1767168      418557.34/2.3881205E-6
kr2	7  15  10  7  3  9  2  14  1  8  6  11  5  13  4  12  7.8071885  14.228784  2.2907417  1.2702106  0.6350376  0.09066633  0.021867074  0.14684366  4.4869475  10.751966  8.973883  0.8194939  1.2208036  0.071195  0.045807034      349939.5/2.8565846E-6
kr3	14  2  10  4  9  8  1  14  6  7  5  12  15  11  13  3  5.8964233  18.878538  0.060962643  0.12650582  0.6024137  0.012781317  0.6585703  0.19381051  4.060525E-4  0.05883766  0.01042176  2.7168033E-4  1.4074297E-5  1.470925E-5  4.9097616E-6      501461.94/1.9933107E-6
kr4	5  7  15  11  10  4  2  5  8  9  6  13  12  3  14  1  9.32869  14.12922  1.5011586  1.2619346  0.056717742  0.08414717  0.3787782  25.81753  0.20636046  0.0023606091  0.0046363547  21.887766  0.3019243  3.7708938  0.4875491      265928.44/3.7590055E-6
kr5	3  5  12  2  15  10  6  8  9  7  11  1  14  13  3  4  12.381233  11.737907  0.9551426  0.21027416  19.902988  0.5186973  5.138616  12.651705  11.369321  2.1497526  11.537917  9.097507  0.9256814  16.712608  8.627995      179345.44/5.5738133E-6
kr6	4  10  3  4  9  5  7  8  14  1  15  11  6  2  13  12  11.380175  6.396893  4.909752  2.8770428  0.4030728  22.558563  3.907795  0.03332607  1.5417066E-4  17.756495  4.5900655  2.695285  1.4409561  16.67591  6.610609      146669.02/6.814125E-6
kr7	10  11  4  13  2  12  3  5  9  15  10  8  7  1  14  6  17.559082  0.64632875  6.308512  0.49801522  0.89255464  0.44120336  0.092395216  0.008833557  2.6095792E-4  0.047069658  8.774518E-4  14.171819  11.397599  0.7148086  0.02382511      455592.66/2.1942162E-6
kr8	10  9  11  13  15  10  2  8  4  6  7  14  5  12  3  1  23.934608  0.85105664  0.8868733  0.098099336  0.48926023  0.0330384  0.20449667  6.714433E-4  0.0013274285  2.3643173E-4  3.2710307E-4  17.372892  0.18477698  4.4509354  1.6525449      397987.53/2.5116885E-6
kr9	7  4  8  1  12  3  15  13  6  7  5  14  10  11  9  2  9.786626  0.75674987  1.4808043  14.216019  0.12071006  0.061846606  0.06684314  0.0052625234  12.597541  1.4597925  8.511112  1.8655953  0.4022795  0.30528775  1.2987291      338796.78/2.9504904E-6
kr10	6  12  13  10  4  9  15  7  6  11  2  3  1  8  5  14  26.005804  0.20340826  0.16293909  0.06049511  0.039366405  0.017990563  6.419023E-4  16.984594  2.1131372  0.53989685  4.2961297  0.115028396  1.6079966  13.94865  4.922399      251822.4/3.9694332E-6
kr11	7  12  3  5  4  11  1  7  9  15  2  6  8  14  13  10  17.602228  8.856242  0.0010420439  0.0345736  8.1001886E-4  0.0037101435  2.3909453E-4  1.9187508E-4  26.39953  0.0068785367  0.015254063  0.013057758  0.039568596  0.022483433  0.0016364964      333060.7/3.0014262E-6
kr12	8  10  1  2  6  13  15  8  14  9  11  5  12  7  4  3  25.813635  0.043671522  0.20905787  0.17334472  0.060915425  0.13301918  0.048425  0.005224955  7.151157E-4  18.560959  5.1492066  1.2816817  0.482593  0.70930076  0.067828014      295046.44/3.3878157E-6
kr13	11  8  14  1  7  4  15  9  3  2  10  13  5  6  11  12  8.675569  6.622449  9.278958  0.016640628  1.294504  0.09433525  0.30947822  0.14884147  0.015577884  0.021121211  0.012922334  0.0014613924  22.798838  2.4961586  0.5249739      497619.2/2.0088946E-6
kr14	5  2  7  3  1  15  9  6  10  11  8  12  4  14  13  5  9.6174345  9.592119  7.011374  0.03076106  0.097937666  0.0340684  18.726038  5.4175034  1.7476083  0.55711126  0.034475118  14.585409  6.1968226  1.5850493  1.5272983      246407.4/4.0566238E-6
kr15	8  7  9  5  13  12  1  14  11  4  3  2  10  15  8  6  4.008931  12.278525  6.5610957  0.951482  1.8892018  0.40182745  0.058334436  0.12818709  0.11054519  4.9293876  9.527566  6.782859  5.2229743  0.031988192  0.0037301865      278510.62/3.5889166E-6
kr16	9  15  5  2  14  11  13  7  9  3  8  1  6  10  12  4  12.337415  10.724894  1.8998528  0.8011934  0.2919175  0.011870664  0.25620687  0.0054697176  0.16781625  2.6697968E-4  10.0489025  7.4189086  3.6222327  1.3787379  0.43999776      303385.5/3.2947833E-6
kr17	3  1  14  10  2  5  3  13  4  12  8  9  11  15  7  6  9.88013  6.210918  5.2093005  0.62411314  12.602541  11.412123  1.0228168  2.1743991  0.36722896  0.4383314  2.7792044  11.597413  3.1792095  11.8571825  7.241681      204521.67/4.8876714E-6
kr18	11  1  8  12  3  15  7  5  9  2  11  4  10  13  14  6  6.9798074  11.522429  2.207393  0.58812064  2.7256432  0.1595264  0.634066  0.9527359  0.42835143  0.0015619413  0.017522298  0.027400114  17.322853  4.168304  0.17886248      457371.75/2.1855355E-6
kr19	4  14  2  7  6  1  11  12  4  3  8  15  5  9  13  10  25.632492  0.63854486  0.03540222  0.07188741  0.070789814  23.862757  0.96919245  1.6515847  0.0056741224  7.9529586  3.9774997  7.778559  6.608521  9.717803  11.122113      146732.45/6.8112504E-6
kr20	4  13  14  3  9  5  1  10  2  8  4  12  15  7  11  6  21.811901  1.0633546  1.8504817  1.4065361  0.3437571  12.789327  11.205754  1.1821388  0.2207871  19.735262  4.0194154  2.5419981  0.14763522  21.946424  0.49879414      270024.72/3.7021166E-6
kr21	4  5  7  12  14  3  10  11  9  1  8  2  13  4  6  15  11.788314  11.996527  0.7136424  1.8995669  0.04871207  13.193283  4.4634595  0.83869934  1.6589184  17.811188  1.3774334  6.357233  0.48562017  0.1857523  25.405186      212614.89/4.7015346E-6
kr22	13  6  14  3  2  8  13  11  5  7  1  15  4  9  10  12  16.239561  8.811626  0.9968832  0.2825083  0.147705  0.0028946288  0.005259299  0.005171849  0.0073635885  1.3431655E-4  6.7904557E-6  7.7338895E-4  7.383445E-5  2.6237E-5  8.816045      546092.1/1.8305392E-6
kr23	3  13  5  15  7  8  1  6  12  3  4  2  10  14  11  9  5.8449745  11.845599  1.5622643  5.0713677  22.819609  3.1161954  0.33128074  22.96046  1.9145237  1.5529412  20.226007  3.268012  2.4742596  25.936369  0.027194845      227691.73/4.3906316E-6
kr24	13  9  2  8  12  15  1  10  13  3  6  4  11  5  14  7  7.299753  9.478996  5.0309963  2.9084785  0.4953299  1.2278193  0.04276569  0.012307139  5.1316427E-4  0.0019269173  3.7357942E-4  5.442018E-5  5.9443415E-4  5.3682455E-5  24.73806      607624.2/1.6451503E-6
kr25	14  1  15  3  5  14  13  4  11  2  10  6  8  7  9  12  1.6622393  9.3638525  4.010104  9.120266  0.16602397  1.4551165  0.009565882  0.32343796  0.07740105  0.14919525  0.13812089  0.0015218961  0.0049701594  0.013101908  0.0033012033      488695.66/2.045376E-6
kr26	4  13  1  4  6  14  3  10  12  9  11  8  5  2  15  7  5.432321  16.904497  0.59018177  0.849166  1.9102267  13.255817  11.038941  0.46054074  0.12404612  16.471867  1.4306252  3.9726212  1.3325042  13.481719  9.59817      166740.77/5.994104E-6
kr27	11  14  3  9  5  4  7  6  12  10  11  15  8  13  2  1  10.7435255  5.055507  3.1939073  1.5770679  4.4764676  1.0613215  0.25050917  0.085526735  0.0541489  8.291942E-5  6.0294304E-5  6.112815E-6  21.468594  3.0146935  1.3765292      412564.88/2.4228923E-6
kr28	7  15  2  5  4  13  7  12  10  8  9  14  6  1  11  3  18.16319  1.197931  3.321093  1.0566983  2.7265189  0.013781114  0.0018335859  0.01704786  1.9802526  9.606226  11.501214  2.8636572  0.24512304  0.1536249  0.087103195      375631.62/2.6613827E-6
kr29	14  7  10  3  2  9  13  1  14  8  5  4  11  6  15  12  23.279509  2.8734372  0.20458648  0.09511783  0.04227179  0.0038739548  0.0011154113  4.0024173E-5  2.687276E-5  5.6627446E-6  1.5952732E-5  1.09750864E-7  5.3816894E-8  5.960808E-8  4.234447E-8      544698.5/1.8351773E-6
kr30	11  13  4  10  11  14  6  2  3  12  7  15  8  1  5  9  19.650484  4.453578  2.1908438  0.06633273  0.114804976  0.020913927  2.3325862E-4  0.0011842974  0.0015786481  6.5093577E-6  3.9066406E-5  3.7703387E-7  23.114038  1.3450397  1.1637186      371923.12/2.6875425E-6
kr31	11  12  10  9  11  14  7  15  6  2  13  5  8  3  4  1  15.159758  9.063587  0.99038005  0.87579274  0.37908003  0.029540913  0.0016882537  5.8719284E-5  8.041205E-5  1.8432467E-5  2.6029345E-6  4.9620974E-7  10.526528  2.532817  5.811759      378680.66/2.6395626E-6
kr32	5  6  2  13  4  7  15  10  14  12  1  9  3  8  11  5  1.1869353  9.175435  1.831211  11.027894  2.8238256  0.38245332  15.339071  3.2191215  5.542185  2.3453178  0.016018644  0.008457945  15.374381  8.794864  2.0110276      224286.12/4.4567923E-6
kr33	9  13  14  2  1  8  6  9  15  12  4  7  11  3  5  10  19.265368  0.9462323  0.9219372  4.3013883  0.6532626  0.1865215  0.11873393  0.06553493  0.03311552  0.0012429102  19.976746  2.4441032  0.25213316  2.979277  0.52483124      323813.88/3.0868591E-6
kr34	2  10  12  14  11  6  5  15  3  9  13  8  2  1  4  7  20.648632  2.8962677  2.067439  4.4181905  2.0621939  5.2033772  13.149649  21.394602  1.0334748  23.609545  2.7322798  26.352325  0.13792601  6.353004  14.386929      187242.11/5.338993E-6
kr35	14  13  2  8  5  15  12  11  1  6  4  14  10  9  3  7  13.255086  4.445056  7.7082524  0.65724564  0.3106153  0.06533576  0.008300366  0.038483743  0.00592264  8.52116E-6  0.0056711505  2.9896473E-6  1.0260914E-5  3.7108884E-6  3.160881E-6      553743.75/1.8052538E-6
kr36	9  2  12  7  8  14  9  11  6  15  5  13  1  10  4  3  22.549622  0.13072199  3.1812873  0.21321216  0.2802094  0.033164475  0.04465998  0.055153903  0.010844564  3.8028395E-4  17.425007  2.269432  3.4039736  2.3462882  1.0309554      305138.47/3.2758157E-6
kr37	6  11  6  3  12  14  4  5  10  7  8  15  2  9  1  13  15.419276  6.6948247  0.59481364  1.8718312  1.6059159  0.22470245  0.056223057  12.023878  13.974058  0.10454969  5.2559836E-4  0.20973514  0.06421069  17.431433  2.3815985      324720.84/3.0786293E-6
kr38	11  4  13  8  14  11  9  2  7  6  12  5  10  3  15  1  0.033051148  16.649183  9.026719  0.70553195  0.007533405  0.033882923  0.04207766  0.0019046493  9.718751E-5  1.0099534E-5  7.960802E-6  7.381187E-7  17.529013  5.9964457  1.2255002      382637.94/2.612324E-6
kr39	9  14  11  10  8  1  2  6  4  7  9  12  5  13  15  3  25.94438  0.07872291  0.25172386  0.12817155  0.0023115927  0.009275157  0.0076328213  0.0338474  0.0040670736  0.0111052105  20.501713  0.95691836  0.93426377  0.091075726  2.8760164      331753.56/3.012967E-6
kr40	11  6  10  4  5  14  7  2  13  3  11  12  15  9  8  1  13.867592  8.57415  3.8499348  0.12627727  0.053692307  0.0058011175  0.002989435  0.014756437  0.0044112345  1.908112E-5  2.1262253E-4  1.1262014E-4  21.740587  3.675383  1.0521656      361999.88/2.7612573E-6
kr41	14  1  10  14  8  11  3  9  4  7  13  2  6  15  12  5  15.447464  0.5235161  7.791556  2.1013167  0.47967458  0.020128924  0.0848226  0.030571582  0.014712407  0.0056631174  8.105543E-5  1.0272007E-4  2.0931405E-4  1.0755945E-4  2.4218021E-5      479661.12/2.0838886E-6
kr42	12  8  1  9  12  15  11  14  6  10  7  5  4  2  13  3  10.348463  2.0107744  5.787172  3.4503314  4.863665  0.028560475  0.0063176234  0.003736915  5.7632476E-4  4.231008E-5  3.472247E-4  8.221286E-6  1.6749854E-6  19.836573  0.5552804      544896.4/1.8345382E-6
kr43	12  13  3  7  1  5  10  14  4  11  2  8  6  9  12  15  24.271606  0.7122283  0.21089336  1.0579064  0.14439914  0.020260086  0.055062775  0.006044574  0.013470987  8.209092E-4  0.0063101226  2.5992596E-4  5.3440727E-4  6.2389126  0.589075      448417.34/2.2292154E-6
kr44	3  15  12  7  10  5  14  6  4  3  1  2  13  11  9  8  17.537424  8.085996  0.43727994  0.04203986  3.7915108  6.948995  8.239877  25.188992  0.29499644  0.7402485  10.528591  10.934629  1.9047903  8.591298  1.7760795      192437.67/5.194748E-6
kr45	5  13  14  12  11  3  7  10  15  2  9  4  8  6  5  1  0.7927581  3.0572498  11.662626  3.3364527  7.126352  0.51548123  15.472018  3.4214592  1.4630809  1.230707  4.8581123  18.521112  3.290226  1.7537347  2.0997906      216870.72/4.6087894E-6
kr46	10  6  10  9  15  1  3  12  11  7  5  13  14  2  8  4  6.838318  11.911506  5.900524  1.6725265  0.10623222  0.00483748  0.054946937  0.0044847606  0.006506268  6.606933E-5  5.0932074E-5  9.761891  1.5746143  9.191121  0.4841303      443475.8/2.2541265E-6
kr47	13  6  15  7  4  13  9  1  8  11  10  14  3  5  2  12  2.164427  7.6697693  8.438885  7.195861  0.14350651  0.75051314  0.09310194  0.026931085  2.8238437E-4  0.0029886323  0.0043720575  0.0059996312  0.0032837158  5.5720142E-5  9.802588      570547.44/1.75207E-6
kr48	14  14  8  11  7  9  4  2  5  10  1  12  13  15  3  6  8.152907  5.6873336  1.1944919  11.162534  0.20468976  0.09397381  0.0018101663  4.6545797E-4  7.379166E-4  4.9606443E-4  7.8572404E-5  3.0408817E-4  1.3965263E-4  1.3748796E-5  2.128733E-6      541275.6/1.8468154E-6
kr49	14  11  12  13  7  8  6  3  2  1  5  14  4  15  10  9  24.70472  0.8500998  0.6385929  0.058015097  0.08614626  0.1261193  0.02801915  0.0028970519  6.70663E-4  0.0022186975  9.812465E-4  5.222797E-4  6.1351666E-4  3.639242E-5  6.0846854E-5      473304.53/2.1119747E-6
kr50	11  3  6  7  10  12  4  8  9  13  1  15  5  2  11  14  17.915342  0.94952965  3.6054378  0.5560633  3.2732549  0.1596172  0.036344733  0.0040137125  3.614124E-4  3.3795182E-5  5.862491E-7  1.5774335E-8  10.090525  10.055845  0.10671546      436861.28/2.2880924E-6

Berikut daftar kromosom terpilih

kr1	11  12  10  9  11  14  7  15  6  2  13  5  8  3  4  1  15.159758  9.063587  0.99038005  0.87579274  0.37908003  0.029540913  0.0016882537  5.8719284E-5  8.041205E-5  1.8432467E-5  2.6029345E-6  4.9620974E-7  10.526528  2.532817  5.811759  
kr2	4  12  5  4  8  9  15  7  6  1  11  2  3  14  13  10  12.139086  11.70836  0.699247  1.8523474  0.048408374  12.855282  4.348977  1.2247046  1.7108582  17.367254  1.4452035  6.1969366  0.51180995  0.5157013  24.871592  
kr3	7  1  3  15  2  8  13  6  4  7  9  12  5  14  10  11  15.426571  0.32642734  0.6545488  5.009981  0.059629116  0.02666705  0.03351126  0.016475776  4.389395  0.51323545  11.819903  1.6521364  0.5499229  0.29657888  1.7506378  
kr4	4  14  2  5  4  11  13  3  10  9  1  8  12  15  7  6  11.911893  5.6101713  2.3638916  0.77059686  3.2099662  5.7716694  2.967892  0.80259955  0.2048966  4.769815  5.2017746  6.0491567  2.093822  8.464626  2.0917933  
kr5	9  10  5  2  14  11  13  7  9  3  8  1  4  12  15  6  10.758844  7.825097  4.0258555  0.6874363  8.200312  7.335439  0.74868023  1.3987988  0.29591978  0.28168133  5.3788185  10.103197  3.3376327  8.110134  4.809427  
kr6	5  1  12  4  3  15  2  8  13  6  7  5  14  10  11  9  9.196808  3.1957548  1.134671  5.478643  0.1894306  1.4284943  0.27335182  0.003974975  4.4799166  1.6189141  3.310961  1.431785  3.1433601  1.9943987  2.532172  
kr7	4  5  14  3  10  9  1  8  2  13  4  12  15  7  11  6  8.191434  0.45655552  0.69351137  0.5339305  0.12841095  4.8344803  4.20033  0.4449517  0.09062842  7.447346  1.5055051  0.97960716  0.057477105  8.183471  0.31323022  
kr8	7  5  2  14  11  4  13  3  10  9  1  8  12  15  7  6  11.302053  6.78163  3.2428927  0.72661376  5.8493257  6.5987363  1.794166  1.1179252  0.25303814  2.396072  5.2954116  8.193311  2.7516649  8.277138  3.529131  
kr9	11  14  4  10  8  2  13  3  11  15  7  5  12  9  1  6  9.925087  9.309617  3.1208503  0.5096913  0.66036314  0.068116516  2.9541478  0.9374856  0.39136422  0.5373512  5.5325484  5.818047  7.4825354  1.7328849  0.6222898  
kr10	5  1  12  4  3  15  2  8  13  6  7  5  14  10  11  9  9.196808  3.1957548  1.134671  5.478643  0.1894306  1.4284943  0.27335182  0.003974975  4.4799166  1.6189141  3.310961  1.431785  3.1433601  1.9943987  2.532172  
kr11	4  4  11  12  2  15  13  3  5  9  10  8  7  1  14  6  9.986553  8.296423  6.0087824  0.38453788  2.612643  0.26276505  8.1569  3.4473047  1.8230333  1.697452  3.5391364  11.659233  6.4539247  2.4028885  1.4502112  
kr12	5  10  3  4  11  14  7  15  6  2  13  9  5  8  1  12  8.09178  4.796115  0.9558134  0.695051  0.21449097  2.3264856  0.40144813  0.0034438362  5.253956E-5  1.8206306  0.4706332  0.2763552  4.956237  2.8668113  3.3326006  
kr13	3  15  12  7  14  6  13  3  5  9